3.266666667e-06
3.343229167e-06
4.159895833e-06
2.5265625e-06
1e-07
1.863020833e-06
5e-06
2.53125e-07
3.930208333e-06
1.250520833e-06
1.327083333e-06
2.041666667e-07
3.547395833e-06
1e-07
3.853645833e-06
1e-07
2.2203125e-06
2.3734375e-06
4.006770833e-06
3.343229167e-06
8.166666667e-07
1.709895833e-06
1.786458333e-06
3.190104167e-06
3.496354167e-06
2.75625e-06
4.236458333e-06
4.7703125e-06
2.5265625e-06
1.709895833e-06
8.677083333e-07
1e-07
3.928125e-06
1.276041667e-07
2.0671875e-06
3.700520833e-06
5.104166667e-07
1e-07
4.006770833e-06
4.9e-06
8.166666667e-07
4.006770833e-06
4.159895833e-06
4.59375e-06
3.930208333e-06
2.0671875e-06
1e-07
9.697916667e-07
3.266666667e-06
2.2203125e-06
3.853645833e-06
2.424479167e-06
1.8375e-06
4.3109375e-06
5.869791667e-07
2.53125e-07
1.765625e-07
3.930208333e-06
3.113541667e-06
2.296875e-06
1e-07
1e-07
7.401041667e-07
3.777083333e-06
4.2109375e-06
4.083333333e-07
1.3015625e-06
1.765625e-07
5.104166667e-07
4.338541667e-07
3.036979167e-06
1.020833333e-06
3.394270833e-06
7.145833333e-07
5.104166667e-07
2.14375e-06
2.3734375e-06
4.9e-06
2.296875e-06
3.853645833e-06
8.166666667e-07
4.8234375e-06
1.633333333e-06
2.960416667e-06
3.394270833e-06
7.911458333e-07
1.7609375e-06
2.45e-06
3.394270833e-06
2.53125e-07
2.883854167e-06
3.317708333e-06
3.700520833e-06
3.470833333e-06
5.869791667e-07
2.807291667e-06
4.69375e-06
1.786458333e-06
1.556770833e-06
1e-07
1.633333333e-06
4.5171875e-06
1.480208333e-06
1.765625e-07
4.440625e-06
2.807291667e-07
2.296875e-06
1.633333333e-06
4.440625e-06
2.654166667e-06
5.869791667e-07
3.470833333e-06
2.654166667e-06
2.807291667e-07
3.296875e-07
2.53125e-07
8.166666667e-07
2.45e-06
3.343229167e-06
4.9e-06
1.633333333e-06
4.6703125e-06
2.296875e-06
3.296875e-07
2.2203125e-06
2.807291667e-06
1.9140625e-06
9.442708333e-07
1e-07
1.990625e-06
1.765625e-07
1e-07
1.4546875e-06
2.53125e-07
4.0625e-07
1.403645833e-06
6.635416667e-07
7.401041667e-07
2.5265625e-06
4.006770833e-06
4.9e-06
3.113541667e-06
2.296875e-06
2.5265625e-06
2.296875e-06
1.250520833e-06
2.0671875e-06
3.623958333e-06
1.53125e-06
3.623958333e-06
1.327083333e-06
3.317708333e-06
3.241145833e-06
3.470833333e-06
2.960416667e-06
4.8234375e-06
5.104166667e-07
4.083333333e-06
8.932291667e-07
4.9e-06
8.166666667e-07
6.635416667e-07
4.8234375e-06
1.556770833e-06
2.041666667e-07
4.2875e-06
1.684375e-06
1e-07
3.470833333e-06
4.2875e-06
2.730729167e-06
2.424479167e-06
1e-07
3.394270833e-06
3.547395833e-06
2.883854167e-06
1e-07
1.765625e-07
1.765625e-07
3.266666667e-06
2.3734375e-06
2.3734375e-06
1.765625e-07
4.8234375e-06
4.6171875e-06
1.327083333e-06
3.394270833e-06
1e-07
1e-07
4.2109375e-06
3.928125e-06
2.53125e-07
3.470833333e-06
1.378125e-06
1.097395833e-06
2.883854167e-06
1.765625e-07
2.3734375e-06
4.006770833e-06
4.9765625e-06
1.556770833e-06
1.556770833e-06
2.5265625e-06
9.697916667e-07
1.765625e-07
1e-07
2.960416667e-06
4.5171875e-06
3.296875e-07
3.036979167e-06
2.14375e-06
2.3734375e-06
3.394270833e-06
2.53125e-07
1.7609375e-06
3.317708333e-06
3.036979167e-06
5.869791667e-07
2.2203125e-06
1.633333333e-06
4.746875e-06
7.401041667e-07
1.709895833e-06
1.556770833e-06
3.113541667e-06
2.296875e-06
1e-07
3.930208333e-06
4.7703125e-06
3.700520833e-06
1.327083333e-06
4.0625e-07
3.470833333e-06
3.317708333e-06
4.338541667e-07
2.2203125e-06
2.296875e-06
4.083333333e-06
1.556770833e-06
2.603125e-06
8.166666667e-07
2.45e-06
4.083333333e-06
4.746875e-06
4.083333333e-06
4.440625e-06
1.250520833e-06
1.765625e-07
4.828125e-07
2.883854167e-06
1.327083333e-06
2.883854167e-06
3.623958333e-06
3.700520833e-06
4.0625e-07
2.53125e-07
4.5171875e-06
1e-07
3.930208333e-06
4.006770833e-06
2.45e-06
1e-07
2.3734375e-06
4.6703125e-06
2.960416667e-06
3.623958333e-06
1.403645833e-06
1e-07
2.807291667e-07
1.6078125e-06
7.145833333e-07
1e-07
2.654166667e-06
1.765625e-07
4.159895833e-06
3.296875e-07
4.440625e-06
1e-07
1e-07
3.190104167e-06
3.266666667e-06
2.3734375e-06
1e-07
1.765625e-07
4.59375e-06
1e-07
2.807291667e-07
3.317708333e-06
3.394270833e-06
1.658854167e-06
1.765625e-07
4.2109375e-06
3.700520833e-06
3.547395833e-06
4.006770833e-06
2.53125e-07
5.869791667e-07
1e-07
3.930208333e-06
1.556770833e-06
8.932291667e-07
1e-07
2.296875e-06
3.113541667e-06
4.006770833e-06
5.104166667e-07
2.883854167e-06
2.730729167e-06
4.5171875e-06
2.934895833e-06
1.765625e-07
1.480208333e-06
4.3875e-06
2.53125e-07
1.556770833e-06
2.296875e-06
1e-07
2.2203125e-06
4.746875e-06
2.296875e-06
8.166666667e-07
1e-07
1.327083333e-06
3.036979167e-06
4.083333333e-06
3.296875e-07
1.403645833e-06
4.59375e-06
3.011458333e-06
1.765625e-07
1.765625e-07
3.470833333e-06
4.234375e-06
8.166666667e-07
1.556770833e-06
3.190104167e-06
2.53125e-07
4.6171875e-06
1e-07
4.59375e-06
1.633333333e-06
1e-07
4.8234375e-06
4.6703125e-06
1e-07
1.403645833e-06
2.53125e-07
3.623958333e-06
1.1484375e-06
4.0578125e-06
4.2875e-06
1.480208333e-06
1e-07
6.635416667e-07
2.654166667e-06
1.990625e-06
4.6703125e-06
2.960416667e-06
5.104166667e-07
1.403645833e-06
4.006770833e-06
4.9e-06
1.765625e-07
1.633333333e-06
1e-07
1.765625e-07
4.9234375e-06
3.296875e-07
3.317708333e-06
4.2875e-06
3.036979167e-06
1e-07
2.577604167e-06
3.036979167e-06
3.853645833e-06
1.556770833e-06
3.266666667e-06
2.296875e-06
1e-07
4.083333333e-06
2.3734375e-06
4.9765625e-06
5e-06
8.166666667e-07
4.083333333e-06
2.9859375e-06
1.556770833e-06
1.097395833e-06
3.98125e-06
1.9140625e-06
3.700520833e-06
2.730729167e-06
1.173958333e-06
2.45e-06
3.419791667e-06
2.53125e-07
3.266666667e-06
2.3734375e-06
1e-07
1e-07
